Volts	0.000539851 0.000776137 0.001160 0.00147558 0.002504 0.00255539 0.00323854 0.00546902 0.00611365 0.009683 0.01166 0.0117242
dbA	41          45.5        48.8     53.4       55.7     58.2       62.1       65.4       67.3       69.5     71.4    71.7

Volts   0.012227 0.0125724 0.0126477 0.0131599 0.0140403 0.014694 0.0158051 0.016646 0.017544 0.0185841 0.0193316 0.0236825 0.0253488 0.0256603 0.0261575 0.02617 0.0271025 0.0278511 0.0289279
dbA     72       72.1      72.4      72.8      73.1      74.6     74.3      74.8     75.2     75.6      76        77.8      78.2      78.7      78.9      79.1    79.3      79.6      80

Volts   0.0338412 0.0308023 0.0315291 0.033994 0.0378858 0.0419036 0.0437074 0.0423404 0.0423882 0.0436567 0.0443279 0.0453079 0.0466986 0.0480638 0.055285 0.0558718
dbA     80.4      80.5      80.7      80.8     80.9      81.1      81.5      81.8      81.9      82.1      82.3      82.4      82.8      82.9      83.6     83.8

y = A + B*lnx
A = 110.218716
B = 8.8355423