0.042277 
0.006335 
0.002982 
0.001300 
0.000679 
0.000475 
0.000491 
0.000420 
0.000428 
0.000484 
0.000429 
0.000426 
0.000495 
0.000475 
0.000446 
0.000530 
0.000732 
0.000636 
0.000659 
0.000461 
0.000442 
0.000455 
0.000434 
0.000507 
0.000470 
0.000781 
0.000907 
0.000420 
0.000436 
0.000429 
0.000460 
0.000506 
0.000460 
0.000465 
0.000424 
0.000433 
0.000529 
0.000500 
0.458280 
0.150450 
0.152084 
0.124766 
0.085921 
0.099953 
0.084397 
0.099754 
0.131816 
0.122706 
0.111183 
0.110515 
0.112757 
0.091672 
0.098196 
0.052963 
0.071517 
0.089393 
0.064488 
0.095104 
0.100210 
0.077877 
0.059500 
0.060578 
0.059337 
0.090736 
0.089894 
0.098130 
0.055914 
0.092588 
0.086208 
0.080190 
0.078126 
0.086862 
0.070369 
0.086235 
0.082442 
0.079770 
0.058265 
0.106100 
0.065917 
0.099564 
0.106749 
